35	1.73470000E-19
36	1.73470000E-19
37	1.73470000E-19
38	1.73470000E-19
39	1.73470000E-19
40	1.73470000E-19
41	1.73470000E-19
42	1.73470000E-19
43	1.73470000E-19
44	1.73470000E-19
45	1.73470000E-19
46	1.73470000E-19
47	1.85390000E-02
48	1.73470000E-19
49	1.73470000E-19
50	1.73470000E-19
51	1.73470000E-19
52	1.95640000E-01
53	1.73470000E-19
54	4.90980000E-03
55	4.10510000E-02
56	1.73470000E-19
57	3.40570000E-01
58	3.96860000E-01
59	4.82210000E-02
60	1.73470000E-19
61	1.73470000E-19
62	1.73470000E-19
63	1.73470000E-19
64	1.73470000E-19
65	1.73470000E-19
66	1.73470000E-19
67	1.73470000E-19
68	1.73470000E-19
69	1.73470000E-19
70	1.73470000E-19
71	1.73470000E-19
72	2.62070000E-04
73	1.73470000E-19
74	1.73470000E-19
75	3.80650000E-02
76	1.73470000E-19
77	1.73470000E-19
78	1.73470000E-19
79	1.73470000E-19
80	1.73470000E-19
81	1.73470000E-19
82	1.73470000E-19
83	1.73470000E-19
84	1.73470000E-19
85	1.73470000E-19
86	1.73470000E-19
87	1.73470000E-19
88	1.73470000E-19
89	1.73470000E-19
90	1.73470000E-19
91	1.73470000E-19
92	1.73470000E-19
93	1.73470000E-19
94	1.73470000E-19
95	1.73470000E-19
96	1.73470000E-19
97	1.73470000E-19
98	1.73470000E-19
99	1.73470000E-19
100	1.73470000E-19
101	1.73470000E-19
102	1.73470000E-19
103	1.73470000E-19
104	1.73470000E-19
105	1.73470000E-19
106	1.73470000E-19
107	1.73470000E-19
108	1.73470000E-19
109	1.73470000E-19
110	1.73470000E-19
111	1.73470000E-19
112	1.73470000E-19
113	1.73470000E-19
114	1.73470000E-19
115	1.73470000E-19
116	1.73470000E-19
117	1.73470000E-19
118	1.73470000E-19
119	1.73470000E-19
120	1.73470000E-19
121	1.73470000E-19
122	1.73470000E-19
123	1.73470000E-19
124	1.73470000E-19
125	1.73470000E-19
126	1.73470000E-19
127	1.73470000E-19
128	1.73470000E-19
129	1.73470000E-19
130	1.73470000E-19
131	1.73470000E-19
132	1.73470000E-19
133	1.73470000E-19
134	1.73470000E-19
135	1.73470000E-19
136	1.73470000E-19
137	1.73470000E-19
138	1.73470000E-19
139	1.73470000E-19
140	3.55400000E-02
141	1.73470000E-19
142	1.06440000E-01
143	7.14420000E-04
144	8.00630000E-01
145	3.82190000E-03
146	1.69330000E-03
147	1.73470000E-19
148	1.73470000E-19
149	1.73470000E-19
150	1.73470000E-19
151	1.73470000E-19
152	1.73470000E-19
153	1.73470000E-19
154	1.73470000E-19
155	1.73470000E-19
156	1.73470000E-19
157	1.73470000E-19
158	1.73470000E-19
159	1.73470000E-19
160	1.73470000E-19
161	1.73470000E-19
162	1.73470000E-19
163	1.73470000E-19
164	1.73470000E-19
165	1.73470000E-19
166	1.73470000E-19
167	1.73470000E-19
168	1.73470000E-19
169	1.73470000E-19
170	1.73470000E-19
171	1.73470000E-19
172	1.73470000E-19
173	1.73470000E-19
174	1.73470000E-19
175	1.73470000E-19
176	1.73470000E-19
177	1.73470000E-19
178	1.73470000E-19
179	1.73470000E-19
180	1.73470000E-19
181	1.73470000E-19
182	1.73470000E-19
183	4.54260000E-02
184	1.73470000E-19
185	1.73470000E-19
186	1.37610000E-01
187	4.68400000E-03
188	2.97470000E-02
189	1.73470000E-19
190	1.73470000E-19
191	1.73470000E-19
192	1.73470000E-19
193	1.73470000E-19
194	1.73470000E-19
195	1.73470000E-19
196	1.73470000E-19
197	1.73470000E-19
198	1.73470000E-19
199	1.73470000E-19
200	1.73470000E-19
201	1.73470000E-19
202	1.73470000E-19
203	1.73470000E-19
204	1.73470000E-19
205	1.73470000E-19
206	1.73470000E-19
207	1.73470000E-19
208	1.73470000E-19
209	1.73470000E-19
210	1.73470000E-19
211	1.73470000E-19
212	1.73470000E-19
213	1.73470000E-19
214	1.73470000E-19
215	1.73470000E-19
216	1.73470000E-19
217	1.73470000E-19
218	1.73470000E-19
219	1.73470000E-19
220	1.73470000E-19
221	7.08930000E-01
222	4.88980000E-01
223	3.12630000E-01
224	8.14890000E-04
225	2.12530000E-02
226	8.44420000E-01
227	4.14400000E-03
228	1.73470000E-19
229	4.81220000E-02
230	7.94040000E-03
231	2.90170000E-04
232	1.73470000E-19
233	1.73470000E-19
234	1.73470000E-19
235	1.73470000E-19
236	1.73470000E-19
237	1.73470000E-19
238	1.73470000E-19
239	1.73470000E-19
240	1.73470000E-19
241	1.73470000E-19
242	1.73470000E-19
243	1.73470000E-19
244	1.73470000E-19
245	1.73470000E-19
246	1.73470000E-19
247	1.73470000E-19
248	1.73470000E-19
249	1.73470000E-19
250	1.73470000E-19
251	5.36270000E-03
252	1.48460000E-01
253	6.97410000E-02
254	1.10060000E-01
255	7.44120000E-01
256	3.93430000E-04
257	9.36650000E-03
258	1.73470000E-19
259	1.73470000E-19
260	1.73470000E-19
261	1.73470000E-19
262	1.73470000E-19
263	1.73470000E-19
264	1.73470000E-19
265	1.73470000E-19
266	1.73470000E-19
267	1.73470000E-19
268	1.73470000E-19
269	1.73470000E-19
270	1.73470000E-19
271	1.73470000E-19
272	1.73470000E-19
273	1.73470000E-19
274	1.73470000E-19
275	1.73470000E-19
276	1.73470000E-19
277	1.73470000E-19
278	6.82470000E-02
279	2.56970000E-02
280	1.73470000E-19
281	1.73470000E-19
282	4.42310000E-02
283	1.09770000E-01
284	2.60420000E-02
285	5.95210000E-02
286	1.73470000E-19
287	1.73470000E-19
288	1.73470000E-19
289	1.73470000E-19
290	1.73470000E-19
291	1.73470000E-19
292	1.73470000E-19
293	1.73470000E-19
294	1.73470000E-19
295	1.73470000E-19
296	1.73470000E-19
297	1.73470000E-19
298	1.73470000E-19
299	1.73470000E-19
300	1.73470000E-19
301	1.73470000E-19
302	1.73470000E-19
303	1.73470000E-19
304	1.73470000E-19
305	1.73470000E-19
306	1.73470000E-19
307	1.73470000E-19
308	1.73470000E-19
309	1.73470000E-19
310	1.73470000E-19
311	1.73470000E-19
312	1.73470000E-19
313	2.12970000E-01
314	1.73470000E-19
315	1.73470000E-19
316	1.73470000E-19
317	1.73470000E-19
318	1.73470000E-19
319	1.73470000E-19
320	1.73470000E-19
321	1.73470000E-19
322	1.73470000E-19
323	1.73470000E-19
324	1.73470000E-19
325	1.73470000E-19
326	1.73470000E-19
327	1.73470000E-19
328	1.73470000E-19
329	1.73470000E-19
