35	1.7347000E-19
36	1.7347000E-19
37	1.7347000E-19
38	1.7347000E-19
39	1.7347000E-19
40	1.7347000E-19
41	1.7347000E-19
42	1.7347000E-19
43	1.7347000E-19
44	1.7347000E-19
45	1.7347000E-19
46	1.7347000E-19
47	1.7347000E-19
48	1.7347000E-19
49	5.2863000E-02
50	7.0531000E-03
51	1.7347000E-19
52	4.6663000E-01
53	1.7347000E-19
54	4.3541000E-02
55	2.5391000E-01
56	1.7347000E-19
57	1.5699000E-01
58	2.9964000E-01
59	1.7117000E-03
60	1.4937000E-02
61	1.7347000E-19
62	1.2653000E-01
63	1.7347000E-19
64	1.7347000E-19
65	1.7347000E-19
66	1.7347000E-19
67	1.7347000E-19
68	1.7347000E-19
69	1.7347000E-19
70	1.7347000E-19
71	1.7111000E-02
72	2.3278000E-03
73	1.7347000E-19
74	1.7347000E-19
75	1.7347000E-19
76	1.7347000E-19
77	1.7347000E-19
78	1.7347000E-19
79	1.7347000E-19
80	1.7347000E-19
81	1.7347000E-19
82	1.7347000E-19
83	1.7347000E-19
84	1.7347000E-19
85	1.7347000E-19
86	1.7347000E-19
87	1.7347000E-19
88	1.7347000E-19
89	1.7347000E-19
90	1.7347000E-19
91	1.7347000E-19
92	1.7347000E-19
93	1.7347000E-19
94	1.7347000E-19
95	1.7347000E-19
96	1.7347000E-19
97	1.7347000E-19
98	1.7347000E-19
99	1.7347000E-19
100	1.7347000E-19
101	1.7347000E-19
102	1.7347000E-19
103	1.7347000E-19
104	1.7347000E-19
105	1.7347000E-19
106	1.7347000E-19
107	1.7347000E-19
108	1.7347000E-19
109	1.7347000E-19
110	1.7347000E-19
111	1.7347000E-19
112	5.1753000E-02
113	1.7347000E-19
114	1.7347000E-19
115	1.7347000E-19
116	1.7347000E-19
117	1.7347000E-19
118	1.7347000E-19
119	1.7347000E-19
120	1.7347000E-19
121	1.7347000E-19
122	1.7347000E-19
123	1.7347000E-19
124	1.7347000E-19
125	1.7347000E-19
126	1.7347000E-19
127	1.7347000E-19
128	1.7347000E-19
129	1.7347000E-19
130	1.7347000E-19
131	1.7347000E-19
132	1.7347000E-19
133	1.7347000E-19
134	1.7347000E-19
135	1.7347000E-19
136	1.7347000E-19
137	1.7347000E-19
138	1.7347000E-19
139	1.7347000E-19
140	1.7347000E-19
141	1.0215000E-02
142	5.8469000E-02
143	9.1289000E-02
144	1.4832000E-01
145	1.7347000E-19
146	8.1750000E-02
147	1.7347000E-19
148	1.7347000E-19
149	1.7347000E-19
150	1.7347000E-19
151	1.7347000E-19
152	1.7347000E-19
153	1.7347000E-19
154	1.7347000E-19
155	1.7347000E-19
156	1.7347000E-19
157	1.7347000E-19
158	1.7347000E-19
159	1.7347000E-19
160	1.7347000E-19
161	1.7347000E-19
162	1.7347000E-19
163	1.7347000E-19
164	1.7347000E-19
165	1.7347000E-19
166	1.7347000E-19
167	1.7347000E-19
168	1.7347000E-19
169	1.7347000E-19
170	1.7347000E-19
171	1.7347000E-19
172	1.7347000E-19
173	1.7347000E-19
174	1.7347000E-19
175	1.7347000E-19
176	1.7347000E-19
177	1.7347000E-19
178	1.7347000E-19
179	1.7347000E-19
180	1.7347000E-19
181	1.7347000E-19
182	1.7347000E-19
183	1.7347000E-19
184	1.7347000E-19
185	1.7347000E-19
186	1.7347000E-19
187	4.4925000E-02
188	6.2237000E-02
189	1.7347000E-19
190	1.7347000E-19
191	1.7347000E-19
192	1.7347000E-19
193	1.7347000E-19
194	1.7347000E-19
195	1.7347000E-19
196	1.7347000E-19
197	1.7347000E-19
198	1.7347000E-19
199	1.7347000E-19
200	1.7347000E-19
201	1.7347000E-19
202	1.7347000E-19
203	1.7347000E-19
204	1.7347000E-19
205	1.7347000E-19
206	1.7347000E-19
207	1.7347000E-19
208	1.7347000E-19
209	1.7347000E-19
210	1.7347000E-19
211	1.7347000E-19
212	1.7347000E-19
213	1.7347000E-19
214	1.7347000E-19
215	1.7347000E-19
216	1.7347000E-19
217	1.7347000E-19
218	1.7347000E-19
219	1.1191000E-01
220	2.1219000E-02
221	4.9916000E-01
222	3.3211000E-01
223	1.9710000E-01
224	2.1629000E-01
225	1.5150000E-01
226	5.0394000E-01
227	3.0282000E-01
228	5.3644000E-02
229	1.7347000E-19
230	1.7347000E-19
231	1.7347000E-19
232	1.7347000E-19
233	1.7347000E-19
234	1.7347000E-19
235	1.7347000E-19
236	1.7347000E-19
237	1.7347000E-19
238	1.7347000E-19
239	1.7347000E-19
240	1.7347000E-19
241	1.7347000E-19
242	1.7347000E-19
243	1.7347000E-19
244	1.7347000E-19
245	1.7347000E-19
246	1.7347000E-19
247	1.7347000E-19
248	1.7347000E-19
249	1.7347000E-19
250	1.7347000E-19
251	8.3660000E-03
252	4.0837000E-01
253	4.2684000E-02
254	1.3092000E-01
255	2.8559000E-01
256	3.3191000E-02
257	8.5535000E-02
258	1.7347000E-19
259	1.7347000E-19
260	1.7347000E-19
261	1.7347000E-19
262	1.7347000E-19
263	1.7347000E-19
264	1.7347000E-19
265	1.7347000E-19
266	1.7347000E-19
267	1.7347000E-19
268	1.7347000E-19
269	1.7347000E-19
270	1.7347000E-19
271	1.7347000E-19
272	1.7347000E-19
273	1.7347000E-19
274	1.7347000E-19
275	1.7347000E-19
276	1.7347000E-19
277	1.7347000E-19
278	7.5108000E-02
279	1.7347000E-19
280	1.7347000E-19
281	5.8143000E-02
282	9.6486000E-04
283	3.4387000E-01
284	6.3287000E-02
285	4.4106000E-01
286	1.7347000E-19
287	1.7347000E-19
288	1.7347000E-19
289	1.7347000E-19
290	1.7347000E-19
291	1.7347000E-19
292	1.7347000E-19
293	1.7347000E-19
294	1.7347000E-19
295	1.7347000E-19
296	1.7347000E-19
297	1.7347000E-19
298	1.7347000E-19
299	1.7347000E-19
300	1.7347000E-19
301	1.7347000E-19
302	1.7347000E-19
303	1.7347000E-19
304	1.7347000E-19
305	1.7347000E-19
306	1.7347000E-19
307	1.7347000E-19
308	1.7347000E-19
309	1.7347000E-19
310	1.7347000E-19
311	1.7347000E-19
312	1.7347000E-19
313	2.7427000E-02
314	1.7347000E-19
315	1.7347000E-19
316	1.7347000E-19
317	1.7347000E-19
318	1.7347000E-19
319	1.7347000E-19
320	1.7347000E-19
321	1.7347000E-19
322	1.7347000E-19
323	1.7347000E-19
324	1.7347000E-19
325	1.7347000E-19
326	1.7347000E-19
327	1.7347000E-19
328	1.7347000E-19
329	1.7347000E-19
