35	0.00000000000
36	0.00000000000
37	0.00000000000
38	0.00000000000
39	0.00000000000
40	0.00000000000
41	0.00000000000
42	0.00000000000
43	0.00000000000
44	0.00000000000
45	0.00000000000
46	0.00000000000
47	0.03286300000
48	0.00000000000
49	0.04374600000
50	0.02405900000
51	0.01439500000
52	0.28863000000
53	0.00000000000
54	0.28250000000
55	0.05156700000
56	0.01548700000
57	0.19016000000
58	0.25182000000
59	0.18801000000
60	0.10230000000
61	0.00000000000
62	0.00000000000
63	0.00000000000
64	0.00000000000
65	0.00000000000
66	0.00000000000
67	0.00000000000
68	0.00000000000
69	0.00000000000
70	0.02149500000
71	0.00414860000
72	0.00000000000
73	0.00000000000
74	0.00000000000
75	0.01174700000
76	0.00000000000
77	0.00000000000
78	0.00000000000
79	0.00000000000
80	0.00000000000
81	0.00000000000
82	0.00000000000
83	0.00000000000
84	0.00000000000
85	0.00000000000
86	0.00000000000
87	0.00000000000
88	0.00000000000
89	0.00000000000
90	0.00000000000
91	0.00000000000
92	0.00000000000
93	0.00000000000
94	0.00000000000
95	0.00000000000
96	0.00000000000
97	0.00000000000
98	0.00000000000
99	0.00000000000
100	0.00000000000
101	0.00000000000
102	0.00000000000
103	0.00000000000
104	0.00000000000
105	0.00000000000
106	0.00000000000
107	0.00000000000
108	0.00000000000
109	0.00000000000
110	0.00000000000
111	0.00000000000
112	0.00000000000
113	0.00000000000
114	0.00000000000
115	0.00000000000
116	0.00000000000
117	0.00000000000
118	0.00000000000
119	0.00000000000
120	0.00000000000
121	0.00000000000
122	0.00000000000
123	0.00000000000
124	0.00000000000
125	0.00000000000
126	0.00000000000
127	0.00000000000
128	0.00000000000
129	0.00000000000
130	0.00000000000
131	0.00000000000
132	0.00000000000
133	0.00000000000
134	0.00000000000
135	0.00000000000
136	0.00000000000
137	0.00000000000
138	0.00000000000
139	0.00000000000
140	0.03553600000
141	0.00542420000
142	0.05744400000
143	0.14226000000
144	0.67316000000
145	0.05649400000
146	0.03868700000
147	0.00000000000
148	0.00000000000
149	0.00000000000
150	0.00000000000
151	0.00000000000
152	0.00000000000
153	0.00000000000
154	0.00000000000
155	0.00000000000
156	0.00000000000
157	0.00000000000
158	0.00000000000
159	0.00000000000
160	0.00000000000
161	0.00000000000
162	0.00000000000
163	0.00000000000
164	0.00000000000
165	0.00000000000
166	0.00000000000
167	0.00000000000
168	0.00000000000
169	0.00000000000
170	0.00000000000
171	0.00000000000
172	0.00000000000
173	0.00000000000
174	0.00000000000
175	0.00000000000
176	0.00000000000
177	0.00000000000
178	0.00000000000
179	0.00000000000
180	0.00000000000
181	0.00000000000
182	0.09358000000
183	0.04320000000
184	0.00000000000
185	0.00000000000
186	0.01489400000
187	0.03932100000
188	0.00000000000
189	0.00000000000
190	0.00000000000
191	0.00000000000
192	0.00000000000
193	0.00000000000
194	0.00000000000
195	0.00000000000
196	0.00000000000
197	0.00000000000
198	0.00000000000
199	0.00000000000
200	0.00000000000
201	0.00000000000
202	0.00000000000
203	0.00000000000
204	0.00000000000
205	0.00000000000
206	0.00000000000
207	0.00000000000
208	0.00000000000
209	0.00000000000
210	0.00000000000
211	0.00000000000
212	0.00000000000
213	0.00000000000
214	0.00000000000
215	0.00000000000
216	0.00000000000
217	0.00000000000
218	0.00000000000
219	0.00000000000
220	0.04766200000
221	1.00000000000
222	0.58870000000
223	0.25905000000
224	0.02308200000
225	0.02972300000
226	0.46264000000
227	0.07865200000
228	0.00000000000
229	0.19132000000
230	0.03938800000
231	0.02462400000
232	0.00000000000
233	0.00000000000
234	0.00000000000
235	0.00000000000
236	0.00000000000
237	0.00000000000
238	0.00000000000
239	0.00000000000
240	0.00000000000
241	0.00000000000
242	0.00000000000
243	0.00000000000
244	0.00000000000
245	0.00000000000
246	0.00000000000
247	0.00000000000
248	0.00000000000
249	0.00000000000
250	0.00000000000
251	0.11975000000
252	0.62143000000
253	0.07792800000
254	0.20561000000
255	0.43278000000
256	0.03604900000
257	0.03713600000
258	0.00000000000
259	0.00000000000
260	0.00000000000
261	0.00000000000
262	0.00000000000
263	0.00000000000
264	0.00000000000
265	0.00000000000
266	0.00000000000
267	0.00000000000
268	0.00000000000
269	0.00000000000
270	0.00000000000
271	0.00000000000
272	0.00000000000
273	0.00000000000
274	0.00000000000
275	0.00000000000
276	0.00000000000
277	0.00000000000
278	0.05621200000
279	0.05285700000
280	0.00000000000
281	0.06450700000
282	0.16348000000
283	0.18075000000
284	0.23175000000
285	0.22132000000
286	0.00000000000
287	0.00000000000
288	0.00000000000
289	0.00000000000
290	0.00000000000
291	0.00000000000
292	0.00000000000
293	0.00000000000
294	0.00000000000
295	0.00000000000
296	0.00000000000
297	0.00000000000
298	0.00000000000
299	0.00000000000
300	0.00000000000
301	0.00000000000
302	0.00000000000
303	0.00000000000
304	0.00000000000
305	0.00000000000
306	0.00000000000
307	0.00000000000
308	0.00000000000
309	0.00000000000
310	0.00000000000
311	0.00000000000
312	0.00000000000
313	0.05655400000
314	0.00000000000
315	0.00000000000
316	0.00000000000
317	0.00000000000
318	0.00000000000
319	0.00000000000
320	0.00000000000
321	0.00000000000
322	0.00000000000
323	0.00000000000
324	0.00000000000
325	0.00000000000
326	0.00000000000
327	0.00000000000
328	0.00000000000
329	0.00000000000
