35	6.94E-19
36	6.94E-19
37	6.94E-19
38	6.94E-19
39	6.94E-19
40	6.94E-19
41	6.94E-19
42	6.94E-19
43	6.94E-19
44	6.94E-19
45	6.94E-19
46	6.94E-19
47	6.94E-19
48	6.94E-19
49	0.041345
50	0.0074262
51	0.036414
52	0.24778
53	0.078141
54	0.00082672
55	0.27791
56	0.62782
57	0.02612
58	0.0072737
59	0.24836
60	0.023649
61	6.94E-19
62	0.058563
63	6.94E-19
64	6.94E-19
65	6.94E-19
66	6.94E-19
67	6.94E-19
68	6.94E-19
69	6.94E-19
70	6.94E-19
71	6.94E-19
72	0.0034345
73	6.94E-19
74	6.94E-19
75	6.94E-19
76	6.94E-19
77	6.94E-19
78	6.94E-19
79	6.94E-19
80	6.94E-19
81	6.94E-19
82	6.94E-19
83	6.94E-19
84	6.94E-19
85	6.94E-19
86	6.94E-19
87	6.94E-19
88	6.94E-19
89	6.94E-19
90	6.94E-19
91	6.94E-19
92	6.94E-19
93	6.94E-19
94	6.94E-19
95	6.94E-19
96	6.94E-19
97	6.94E-19
98	6.94E-19
99	6.94E-19
100	6.94E-19
101	6.94E-19
102	6.94E-19
103	6.94E-19
104	6.94E-19
105	6.94E-19
106	0.0068818
107	6.94E-19
108	0.053495
109	6.94E-19
110	6.94E-19
111	0.10037
112	0.02244
113	6.94E-19
114	6.94E-19
115	6.94E-19
116	6.94E-19
117	0.022673
118	6.94E-19
119	6.94E-19
120	6.94E-19
121	6.94E-19
122	6.94E-19
123	6.94E-19
124	6.94E-19
125	6.94E-19
126	6.94E-19
127	6.94E-19
128	6.94E-19
129	6.94E-19
130	6.94E-19
131	6.94E-19
132	6.94E-19
133	6.94E-19
134	6.94E-19
135	6.94E-19
136	6.94E-19
137	0.028913
138	6.94E-19
139	6.94E-19
140	0.00026566
141	0.020213
142	0.50038
143	6.94E-19
144	6.94E-19
145	6.94E-19
146	0.042544
147	0.00083149
148	6.94E-19
149	6.94E-19
150	0.00028397
151	6.94E-19
152	6.94E-19
153	0.11875
154	6.94E-19
155	6.94E-19
156	6.94E-19
157	6.94E-19
158	6.94E-19
159	6.94E-19
160	6.94E-19
161	6.94E-19
162	6.94E-19
163	6.94E-19
164	6.94E-19
165	6.94E-19
166	6.94E-19
167	6.94E-19
168	6.94E-19
169	6.94E-19
170	6.94E-19
171	6.94E-19
172	6.94E-19
173	6.94E-19
174	6.94E-19
175	6.94E-19
176	6.94E-19
177	6.94E-19
178	6.94E-19
179	6.94E-19
180	6.94E-19
181	6.94E-19
182	6.94E-19
183	6.94E-19
184	6.94E-19
185	0.00089417
186	6.94E-19
187	0.0012497
188	6.94E-19
189	6.94E-19
190	6.94E-19
191	6.94E-19
192	6.94E-19
193	6.94E-19
194	6.94E-19
195	6.94E-19
196	6.94E-19
197	6.94E-19
198	6.94E-19
199	6.94E-19
200	6.94E-19
201	6.94E-19
202	6.94E-19
203	6.94E-19
204	6.94E-19
205	6.94E-19
206	6.94E-19
207	6.94E-19
208	6.94E-19
209	6.94E-19
210	6.94E-19
211	6.94E-19
212	6.94E-19
213	6.94E-19
214	6.94E-19
215	6.94E-19
216	6.94E-19
217	6.94E-19
218	0.02778
219	0.17353
220	0.39898
221	0.063508
222	0.033802
223	0.077666
224	0.11265
225	0.13681
226	0.12237
227	0.015806
228	6.94E-19
229	6.94E-19
230	6.94E-19
231	6.94E-19
232	6.94E-19
233	6.94E-19
234	6.94E-19
235	6.94E-19
236	6.94E-19
237	6.94E-19
238	6.94E-19
239	6.94E-19
240	6.94E-19
241	6.94E-19
242	6.94E-19
243	6.94E-19
244	6.94E-19
245	6.94E-19
246	6.94E-19
247	6.94E-19
248	6.94E-19
249	0.045046
250	0.00045148
251	0.17856
252	0.059988
253	0.0026182
254	6.94E-19
255	0.37254
256	0.0065106
257	0.34983
258	6.94E-19
259	6.94E-19
260	6.94E-19
261	6.94E-19
262	6.94E-19
263	6.94E-19
264	6.94E-19
265	6.94E-19
266	6.94E-19
267	6.94E-19
268	6.94E-19
269	6.94E-19
270	6.94E-19
271	6.94E-19
272	6.94E-19
273	0.0061944
274	6.94E-19
275	6.94E-19
276	0.00060532
277	0.040997
278	6.94E-19
279	6.94E-19
280	6.94E-19
281	6.94E-19
282	6.94E-19
283	0.019073
284	0.53835
285	0.14421
286	6.94E-19
287	0.0020654
288	6.94E-19
289	6.94E-19
290	6.94E-19
291	6.94E-19
292	6.94E-19
293	6.94E-19
294	6.94E-19
295	6.94E-19
296	6.94E-19
297	6.94E-19
298	6.94E-19
299	6.94E-19
300	6.94E-19
301	6.94E-19
302	6.94E-19
303	6.94E-19
304	6.94E-19
305	6.94E-19
306	6.94E-19
307	6.94E-19
308	6.94E-19
309	6.94E-19
310	6.94E-19
311	0.19336
312	0.014506
313	0.1077
314	6.94E-19
315	6.94E-19
316	0.0023338
317	6.94E-19
318	6.94E-19
319	0.054046
320	6.94E-19
321	6.94E-19
322	6.94E-19
323	6.94E-19
324	6.94E-19
325	6.94E-19
326	6.94E-19
327	6.94E-19
328	6.94E-19
329	6.94E-19
