35	6.94E-19
36	6.94E-19
37	6.94E-19
38	6.94E-19
39	6.94E-19
40	6.94E-19
41	6.94E-19
42	6.94E-19
43	6.94E-19
44	6.94E-19
45	6.94E-19
46	6.94E-19
47	6.94E-19
48	6.94E-19
49	6.94E-19
50	6.94E-19
51	6.94E-19
52	0.07381
53	0.13092
54	0.33847
55	0.79217
56	0.30389
57	0.020489
58	0.0087487
59	0.013873
60	0.0061892
61	6.94E-19
62	0.041776
63	6.94E-19
64	0.018525
65	6.94E-19
66	6.94E-19
67	6.94E-19
68	6.94E-19
69	6.94E-19
70	6.94E-19
71	6.94E-19
72	6.94E-19
73	6.94E-19
74	6.94E-19
75	6.94E-19
76	6.94E-19
77	6.94E-19
78	6.94E-19
79	6.94E-19
80	6.94E-19
81	6.94E-19
82	6.94E-19
83	6.94E-19
84	6.94E-19
85	6.94E-19
86	6.94E-19
87	6.94E-19
88	6.94E-19
89	6.94E-19
90	6.94E-19
91	6.94E-19
92	6.94E-19
93	6.94E-19
94	6.94E-19
95	6.94E-19
96	6.94E-19
97	6.94E-19
98	0.044995
99	6.94E-19
100	6.94E-19
101	6.94E-19
102	6.94E-19
103	6.94E-19
104	6.94E-19
105	6.94E-19
106	6.94E-19
107	6.94E-19
108	6.94E-19
109	6.94E-19
110	0.0033264
111	6.94E-19
112	6.94E-19
113	6.94E-19
114	0.027402
115	6.94E-19
116	6.94E-19
117	6.94E-19
118	6.94E-19
119	6.94E-19
120	6.94E-19
121	6.94E-19
122	6.94E-19
123	6.94E-19
124	6.94E-19
125	6.94E-19
126	6.94E-19
127	6.94E-19
128	6.94E-19
129	6.94E-19
130	6.94E-19
131	6.94E-19
132	6.94E-19
133	6.94E-19
134	6.94E-19
135	6.94E-19
136	0.11063
137	0.060018
138	0.071227
139	6.94E-19
140	0.05788
141	0.10002
142	0.4435
143	0.056613
144	0.21947
145	0.29187
146	6.94E-19
147	6.94E-19
148	0.038183
149	6.94E-19
150	6.94E-19
151	6.94E-19
152	6.94E-19
153	6.94E-19
154	6.94E-19
155	6.94E-19
156	6.94E-19
157	6.94E-19
158	6.94E-19
159	6.94E-19
160	6.94E-19
161	6.94E-19
162	6.94E-19
163	6.94E-19
164	6.94E-19
165	6.94E-19
166	6.94E-19
167	6.94E-19
168	6.94E-19
169	6.94E-19
170	6.94E-19
171	6.94E-19
172	6.94E-19
173	6.94E-19
174	6.94E-19
175	6.94E-19
176	6.94E-19
177	6.94E-19
178	6.94E-19
179	6.94E-19
180	6.94E-19
181	0.057293
182	6.94E-19
183	0.0045125
184	6.94E-19
185	6.94E-19
186	6.94E-19
187	6.94E-19
188	0.010958
189	6.94E-19
190	6.94E-19
191	6.94E-19
192	6.94E-19
193	6.94E-19
194	6.94E-19
195	6.94E-19
196	6.94E-19
197	6.94E-19
198	6.94E-19
199	6.94E-19
200	6.94E-19
201	6.94E-19
202	6.94E-19
203	6.94E-19
204	6.94E-19
205	6.94E-19
206	6.94E-19
207	6.94E-19
208	6.94E-19
209	6.94E-19
210	6.94E-19
211	6.94E-19
212	6.94E-19
213	6.94E-19
214	6.94E-19
215	6.94E-19
216	6.94E-19
217	6.94E-19
218	0.10623
219	0.20499
220	0.078349
221	0.76176
222	0.53774
223	0.19502
224	0.11569
225	0.14356
226	0.59952
227	6.94E-19
228	6.94E-19
229	0.0029783
230	6.94E-19
231	0.0029561
232	6.94E-19
233	6.94E-19
234	6.94E-19
235	6.94E-19
236	6.94E-19
237	6.94E-19
238	6.94E-19
239	6.94E-19
240	6.94E-19
241	6.94E-19
242	6.94E-19
243	6.94E-19
244	6.94E-19
245	6.94E-19
246	6.94E-19
247	6.94E-19
248	6.94E-19
249	6.94E-19
250	6.94E-19
251	0.048879
252	0.35162
253	0.13895
254	0.013832
255	0.29104
256	6.94E-19
257	0.023999
258	0.038371
259	6.94E-19
260	6.94E-19
261	6.94E-19
262	6.94E-19
263	6.94E-19
264	6.94E-19
265	6.94E-19
266	6.94E-19
267	6.94E-19
268	6.94E-19
269	6.94E-19
270	6.94E-19
271	6.94E-19
272	6.94E-19
273	6.94E-19
274	6.94E-19
275	0.0077712
276	6.94E-19
277	6.94E-19
278	0.039264
279	6.94E-19
280	6.94E-19
281	0.018091
282	6.94E-19
283	0.080461
284	0.18122
285	0.019276
286	0.010017
287	0.023494
288	6.94E-19
289	6.94E-19
290	0.064421
291	6.94E-19
292	6.94E-19
293	6.94E-19
294	6.94E-19
295	6.94E-19
296	6.94E-19
297	6.94E-19
298	6.94E-19
299	6.94E-19
300	6.94E-19
301	6.94E-19
302	6.94E-19
303	6.94E-19
304	6.94E-19
305	6.94E-19
306	6.94E-19
307	6.94E-19
308	6.94E-19
309	6.94E-19
310	6.94E-19
311	0.18406
312	0.011065
313	0.12845
314	0.081596
315	0.14901
316	0.27286
317	6.94E-19
318	6.94E-19
319	6.94E-19
320	6.94E-19
321	6.94E-19
322	6.94E-19
323	6.94E-19
324	6.94E-19
325	6.94E-19
326	6.94E-19
327	6.94E-19
328	6.94E-19
329	6.94E-19
