35	0.034302
36	0.034302
37	0.034302
38	0.034302
39	0.034302
40	0.034302
41	0.034302
42	0.034302
43	0.034302
44	0.034302
45	0.034302
46	0.034302
47	0.078848
48	0.064069
49	0.2072
50	0.19102
51	0.088032
52	0.27044
53	0.41301
54	0.22489
55	0.40541
56	0.2333
57	0.26762
58	0.21865
59	0.32703
60	0.21392
61	0.24504
62	0.034302
63	0.034302
64	0.077145
65	0.05358
66	0.057144
67	0.034302
68	0.055906
69	0.034302
70	0.034302
71	0.039609
72	0.063314
73	0.046771
74	0.051611
75	0.04784
76	0.034302
77	0.052377
78	0.034302
79	0.034302
80	0.034302
81	0.034302
82	0.034302
83	0.034302
84	0.034302
85	0.034302
86	0.034302
87	0.034302
88	0.034302
89	0.034302
90	0.034302
91	0.034302
92	0.034302
93	0.034302
94	0.034302
95	0.026963
96	0.034302
97	0.034302
98	0.044609
99	0.034302
100	0.034302
101	0.034302
102	0.034302
103	0.034302
104	0.034302
105	0.058853
106	0.085378
107	0.03054
108	0.06096
109	0.034302
110	0.1487
111	0.058821
112	0.056924
113	0.034302
114	0.034302
115	0.058818
116	0.034302
117	0.048376
118	0.034302
119	0.034302
120	0.034302
121	0.034302
122	0.034302
123	0.034302
124	0.034302
125	0.034302
126	0.034302
127	0.034302
128	0.034302
129	0.034302
130	0.034302
131	0.034302
132	0.034302
133	0.034302
134	0.067267
135	0.034302
136	0.08296
137	0.26041
138	0.18607
139	0.1617
140	0.3701
141	0.27177
142	0.55061
143	0.18991
144	0.42003
145	0.39743
146	0.21665
147	0.10156
148	0.073314
149	0.069211
150	0.087757
151	0.034302
152	0.065145
153	0.068864
154	0.034302
155	0.034302
156	0.034302
157	0.034302
158	0.034302
159	0.034302
160	0.034302
161	0.034302
162	0.034302
163	0.034302
164	0.034302
165	0.034302
166	0.034302
167	0.034302
168	0.034302
169	0.034302
170	0.034302
171	0.034302
172	0.034302
173	0.034302
174	0.034302
175	0.034302
176	0.034302
177	0.034302
178	0.034302
179	0.064181
180	0.034302
181	0.10373
182	0.1508
183	0.2193
184	0.060029
185	0.095008
186	0.094797
187	0.23862
188	0.17342
189	0.034302
190	0.034867
191	0.034302
192	0.034302
193	0.034302
194	0.034302
195	0.034302
196	0.034302
197	0.034302
198	0.034302
199	0.034302
200	0.034302
201	0.034302
202	0.034302
203	0.034302
204	0.034302
205	0.034302
206	0.034302
207	0.034302
208	0.034302
209	0.034302
210	0.034302
211	0.034302
212	0.034302
213	0.034302
214	0.034302
215	0.043057
216	0.034302
217	0.034302
218	0.17207
219	0.36754
220	0.49681
221	1
222	0.81991
223	0.69896
224	0.3535
225	0.38983
226	0.80956
227	0.3618
228	0.15981
229	0.2346
230	0.096935
231	0.14689
232	0.068917
233	0.049064
234	0.0573
235	0.034302
236	0.034302
237	0.034302
238	0.034302
239	0.034302
240	0.034302
241	0.034302
242	0.034302
243	0.034302
244	0.034302
245	0.034302
246	0.034302
247	0.034302
248	0.05031
249	0.063335
250	0.11259
251	0.37234
252	0.58783
253	0.39945
254	0.46742
255	0.31501
256	0.079866
257	0.32704
258	0.058553
259	0.034302
260	0.034302
261	0.034302
262	0.034302
263	0.034302
264	0.034302
265	0.034302
266	0.034302
267	0.034302
268	0.034302
269	0.034302
270	0.034302
271	0.034302
272	0.034302
273	0.034302
274	0.034302
275	0.034302
276	0.079744
277	0.13011
278	0.13215
279	0.073584
280	0.047525
281	0.17998
282	0.45774
283	0.47705
284	0.57183
285	0.45568
286	0.034302
287	0.068776
288	0.034302
289	0.034302
290	0.093731
291	0.034302
292	0.034302
293	0.034302
294	0.034302
295	0.034302
296	0.034302
297	0.034302
298	0.034302
299	0.034302
300	0.034302
301	0.034302
302	0.034302
303	0.034302
304	0.034302
305	0.034302
306	0.034302
307	0.034302
308	0.034302
309	0.081534
310	0.034302
311	0.34254
312	0.11632
313	0.12205
314	0.034302
315	0.034302
316	0.30483
317	0.068116
318	0.076152
319	0.10254
320	0.062482
321	0.047347
322	0.034302
323	0.034302
324	0.034302
325	0.034302
326	0.034302
327	0.034302
328	0.034302
329	0.034302
