35	0.034302
36	0.034302
37	0.034302
38	0.034302
39	0.034302
40	0.034302
41	0.034302
42	0.034302
43	0.034302
44	0.051886
45	0.034302
46	0.034302
47	0.10112
48	0.056425
49	0.24075
50	0.26388
51	0.27492
52	0.45013
53	0.25864
54	0.62556
55	0.42452
56	0.47046
57	0.48369
58	0.27138
59	0.29691
60	0.23724
61	0.064757
62	0.10269
63	0.14543
64	0.18177
65	0.045867
66	0.056453
67	0.034302
68	0.060753
69	0.034302
70	0.089913
71	0.034302
72	0.065685
73	0.05148
74	0.051886
75	0.039228
76	0.034302
77	0.032075
78	0.034302
79	0.034302
80	0.034302
81	0.034302
82	0.034302
83	0.034302
84	0.034302
85	0.034302
86	0.034302
87	0.034302
88	0.034302
89	0.034302
90	0.034302
91	0.034302
92	0.034302
93	0.034302
94	0.034302
95	0.034302
96	0.034302
97	0.034302
98	0.048169
99	0.034302
100	0.034302
101	0.034302
102	0.034302
103	0.034302
104	0.034302
105	0.05688
106	0.05676
107	0.078082
108	0.060497
109	0.05881
110	0.11542
111	0.1812
112	0.12819
113	0.034302
114	0.034302
115	0.055049
116	0.059393
117	0.034302
118	0.034302
119	0.034302
120	0.034302
121	0.034302
122	0.034302
123	0.034302
124	0.034302
125	0.034302
126	0.034302
127	0.034302
128	0.034302
129	0.034302
130	0.034302
131	0.034302
132	0.034302
133	0.034302
134	0.015775
135	0.10471
136	0.066081
137	0.20699
138	0.16961
139	0.080849
140	0.21391
141	0.13772
142	0.64538
143	0.28566
144	0.2261
145	0.19157
146	0.15478
147	0.059243
148	0.068571
149	0.048098
150	0.070084
151	0.034302
152	0.034302
153	0.049755
154	0.034302
155	0.034302
156	0.034302
157	0.034302
158	0.034302
159	0.034302
160	0.034302
161	0.034302
162	0.034302
163	0.034302
164	0.034302
165	0.034302
166	0.034302
167	0.034302
168	0.034302
169	0.034302
170	0.034302
171	0.034302
172	0.034302
173	0.034302
174	0.034302
175	0.034302
176	0.034302
177	0.034302
178	0.034302
179	0.034302
180	0.034302
181	0.034302
182	0.16073
183	0.11014
184	0.05835
185	0.064826
186	0.11522
187	0.11491
188	0.075673
189	0.051392
190	0.032105
191	0.034302
192	0.034302
193	0.034302
194	0.034302
195	0.034302
196	0.034302
197	0.034302
198	0.034302
199	0.034302
200	0.034302
201	0.034302
202	0.034302
203	0.034302
204	0.034302
205	0.034302
206	0.034302
207	0.034302
208	0.034302
209	0.034302
210	0.034302
211	0.034302
212	0.034302
213	0.034302
214	0.034302
215	0.03425
216	0.034302
217	0.034302
218	0.15479
219	0.13584
220	0.40289
221	0.44541
222	0.40692
223	0.2572
224	0.19004
225	0.28737
226	0.26091
227	0.34118
228	0.24575
229	0.28897
230	0.096392
231	0.075106
232	0.034302
233	0.034302
234	0.034302
235	0.034302
236	0.034302
237	0.034302
238	0.034302
239	0.034302
240	0.034302
241	0.034302
242	0.034302
243	0.034302
244	0.034302
245	0.034302
246	0.034302
247	0.052553
248	0.034302
249	0.042744
250	0.10848
251	0.42297
252	0.36074
253	0.36565
254	0.39417
255	0.24586
256	0.12797
257	0.30245
258	0.062495
259	0.034302
260	0.034302
261	0.034302
262	0.034302
263	0.034302
264	0.034302
265	0.034302
266	0.034302
267	0.034302
268	0.034302
269	0.034302
270	0.034302
271	0.034302
272	0.034302
273	0.034302
274	0.034302
275	0.034302
276	0.050469
277	0.067534
278	0.079196
279	0.048999
280	0.04588
281	0.10846
282	0.14667
283	0.43713
284	0.4178
285	0.40825
286	0.085382
287	0.10326
288	0.034302
289	0.034302
290	0.058145
291	0.034302
292	0.034302
293	0.034302
294	0.034302
295	0.034302
296	0.034302
297	0.034302
298	0.034302
299	0.034302
300	0.034302
301	0.034302
302	0.034302
303	0.034302
304	0.034302
305	0.034302
306	0.034302
307	0.034302
308	0.034302
309	0.034302
310	0.034302
311	0.29335
312	0.05659
313	0.060514
314	0.034302
315	0.069135
316	0.15874
317	0.090367
318	0.10057
319	0.060563
320	0.034302
321	0.11273
322	0.034302
323	0.034302
324	0.034302
325	0.034302
326	0.034302
327	0.034302
328	0.034302
329	0.034302
